,obs,dxx,dyy,dxy,dtt,abic_val
0,1.0,1.0,1.0,1.0,1.0,123456.58061986456
1,1.0002500312526044,1.0,1.0,1.0,1.0,123485.02575118674
2,1.0,1.0002500312526044,1.0,1.0,1.0,123457.22837753966
3,1.0,1.0,1.0002500312526044,1.0,1.0,123457.0718676392
4,1.0,1.0,1.0,1.0002500312526044,1.0,123456.91193745342
5,1.0,1.0,1.0,1.0,1.0002500312526044,123456.71720560144
6,0.999750031247396,1.0001000050001667,1.0001000050001667,1.0001000050001667,1.0001000050001667,123428.7850838591
7,0.9995001249791693,1.0001500112505626,1.0001500112505626,1.0001500112505626,1.0001500112505626,123400.6748359463
8,0.9998000199986667,0.9998100180488569,1.0001600128006827,1.0001600128006827,1.0001600128006827,123433.95112310776
9,0.9997200391963416,0.9999840001279993,0.9998740079376666,1.0002240250898733,1.0002240250898733,123424.86063579192
10,0.9996080768219616,0.9999776002508781,1.0000736027085464,0.9999636006624719,1.0003136491776206,123412.2021131383
11,0.9994513505631757,0.9999686404917196,1.0001030453088031,1.0001990598097752,1.0000890439641785,123394.59555728086
12,0.9991771387361644,0.9999529611063634,1.0001545719450122,1.0002986045734727,1.0000085600366369,123363.54699339658
13,0.9991223053994311,0.9999498252587944,1.000164877590816,1.000318514715043,1.0003425226474902,123357.52921843142
14,0.9986837470218481,0.9999247388322637,1.0002473265801766,1.0004778101149043,1.0005138279643857,123308.03470570048
15,0.9988757044943102,1.0001857356467296,1.0000397831913301,1.0002855831711117,1.0003239948750053,123329.78447874221
16,0.9986180565644726,1.0000924100295439,1.0003921722394333,1.0002461896597015,1.0002999643403079,123300.8557525902
17,0.9980675208469293,1.0001466193875719,1.0006513550796494,1.000257272128799,1.0003379361275522,123238.90238254608
18,0.9981139421266897,1.0001664230627816,1.0004236022701127,1.0006242097138496,1.0002200551845908,123244.20994731948
19,0.99766774972376,1.000000572902564,1.0004566218264213,1.0006274177106023,1.0004117281031573,123193.18767402432
20,0.9967528222105899,0.9999258621019498,1.0006099623610292,1.0008662063898535,1.0005426122103738,123089.5808688078
21,0.9970209674171109,1.0001867900869361,1.0006342452187338,1.0007058185189848,1.0007669393339271,123120.72316520214
22,0.9965806881808543,0.999954436979402,1.000987013255642,1.0008869911489253,1.000628541630294,123070.88155568704
23,0.9954351581676066,0.9998388077049383,1.0014609646881152,1.0011878307198574,1.0007808497756814,122941.64396033599
24,0.9954740251918264,1.000181058215262,1.001264853138181,1.000978694937218,1.0005454789287287,122946.16216567103
25,0.9949877106055107,0.9999452231545884,1.0014250682792172,1.0009740519730037,1.000969584670052,122890.75283304871
26,0.9934282686857829,0.9998346415466397,1.0019261771621342,1.00114901896738,1.001344560013053,122714.42262898426
27,0.9931813417333658,0.9998402426862105,1.0017071514644766,1.001698242335333,1.001254364064455,122686.58380771182
28,0.9907472298742505,0.9996870895321729,1.002235467326112,1.0024195056996985,1.0017128928185195,122411.39659962973
29,0.9917166701393288,0.9996002530085943,1.0023651586793945,1.0019347462018535,1.0012034480658205,122520.84573544055
30,0.9899755916300603,0.9997308481005264,1.0030924414905344,1.0022018538318982,1.0016924391818411,122325.05630607519
31,0.9866042761543143,0.9996333553627584,1.0043359897058797,1.0028703458081398,1.0022678480921061,121944.6622517372
32,0.9877050012849522,0.9992568042293282,1.0036651174302595,1.002846298625742,1.0023789487584374,122067.72079968458
33,0.9846682180616317,0.9993660693397322,1.0043514201695298,1.003300833813985,1.0027830054548874,121724.44446985282
34,0.979328499038429,0.9991297839828321,1.005799774861225,1.004359007080142,1.0037855848564061,121120.58208035065
35,0.9810319097767805,0.9990883618548055,1.0054357531392353,1.004625298210271,1.0031950337732753,121313.770270844
36,0.9784761455512965,0.9991178993133617,1.0062257577512168,1.0049148581929266,1.0041342819579158,121025.22214439123
37,0.9719223224292183,0.9988768097570658,1.0081616296096036,1.0064082365117872,1.0056029146343988,120284.59691199487
38,0.9719467350037477,0.9987071342049073,1.008731967128194,1.0060256781491097,1.0051807700061774,120287.31999965495
39,0.9686885448050612,0.9989173048379006,1.0093260973572529,1.006871562059137,1.0056350262875902,119919.14211524682
40,0.9593180580275408,0.9987475983992219,1.0121685497140753,1.0088902485132896,1.0072670292370738,118859.75197917379
41,0.9589506853777153,0.9981870136818333,1.0117910481298178,1.0092605896699274,1.0077501184310056,118816.48313787926
42,0.9454159263665329,0.9974646277825345,1.015539303471818,1.0124709648013188,1.0105024886003275,117284.03805507142
43,0.950237238158987,0.9980819370329123,1.0147346683648262,1.0106374360063444,1.0097458772210521,117831.18902118306
44,0.9404771485516228,0.9976217446983954,1.0179622535882122,1.0134284077242641,1.0115444258152064,116727.33737373803
45,0.9216333359488224,0.9968685788322333,1.0240985346363527,1.0179937733706519,1.0154463071237319,114593.72607813204
46,0.9276848394941044,0.9973085950677346,1.0211600333458055,1.0165468734629752,1.0142543089299074,115277.91973330852
47,0.9105817223171966,0.9965126960585068,1.0269868586916546,1.0202429046318082,1.0173084333312832,113339.4814997812
48,0.8813788293863601,0.9953327382819603,1.0365308859383366,1.0272313933816528,1.0232121898833435,110026.06416327161
49,0.8918008128106146,0.9952771537828413,1.0326995207662404,1.0250937480768814,1.0220284480081416,111208.22591958208
50,0.8777538945172204,0.9948204926298582,1.0373442566785047,1.0291517319297099,1.0244620442720371,109614.36716541948
51,0.8436127304025709,0.9931937691555759,1.0488372690633774,1.0385356834115897,1.0319003617415246,105734.03092219101
52,0.8429270307603924,0.9937291012060593,1.0499852998944328,1.0377858652635557,1.032311403460583,105657.92344451648
53,0.7959275074752865,0.9918665873072889,1.0676439913431486,1.0506796920517494,1.0433917380961395,100306.16231265373
54,0.807981947787516,0.9917116827435898,1.0629655920360908,1.0473699068112339,1.0402110517410708,101678.5780057095
55,0.7715806631002793,0.9900932344361655,1.0758265444535116,1.057850673373586,1.0490523480363332,97524.30456488917
56,0.7059808407302985,0.9867228504090009,1.1026622614728236,1.0783605447935691,1.0662701661536185,90017.31142123941
57,0.7262425106200832,0.9882581971069317,1.0952100973754038,1.0720278439349187,1.0601146827698287,92341.85181415158
58,0.6800714401365687,0.9853874480021295,1.1154631915098048,1.0882194393969264,1.0740017434672857,87047.14904294099
59,0.5973797516637601,0.9804521298773832,1.1571555482556044,1.1200581686903417,1.1003342384506452,77523.46834032632
60,0.6188950027173822,0.9824224805311444,1.1465759623193676,1.109407255266962,1.0926666098603544,80007.45973618006
61,0.5808240226802278,0.9801938958266472,1.166125218176491,1.1256637937025749,1.1054788964383122,75609.31160263586
62,0.4924544050839273,0.9744852629409377,1.2214007367894553,1.1669788913552128,1.1396328325545442,65348.56517437144
63,0.4865973267535489,0.9731347215660852,1.2252102483463332,1.1702415552603622,1.1416988144967644,64663.776593403665
64,0.380467724417519,0.9639018692652371,1.3125102422799764,1.2350316993341524,1.1942730397528611,52212.8525946216
65,0.41177125675840526,0.9669872830689104,1.2840494426729248,1.2137482147932614,1.1785456399549412,55901.83624291417
66,0.3414208385447206,0.9606965544724162,1.3554776745862356,1.2650757359051663,1.2196175248407277,47595.016189159396
67,0.23743163296277642,0.9479419805155619,1.5028557517967591,1.3702278627012228,1.30437316447831,35148.26907828833
68,0.2654817092842194,0.9512102314991322,1.452572552148295,1.3380434944391804,1.2775235524583328,38526.404691477306
69,0.19884502333697987,0.9416477174283702,1.5763307976064154,1.4230249545760383,1.3466963284942854,30460.34533472299
70,0.11472203443659004,0.9228252942881984,1.839819298493161,1.603978287979526,1.4898488179767428,20061.846562404786
71,0.13468260961712925,0.9269947237740913,1.7593316758198374,1.551116034119831,1.4473722757589402,22557.68149509279
72,0.10301102755978507,0.9185321780176346,1.8981500604080994,1.645072175360176,1.5194707149298579,18587.649258246438
73,0.05152257559659137,0.8952228965322863,2.307835987544568,1.9151955903670554,1.725302686686083,11972.706663460698
74,0.05010647188041986,0.8946262949237399,2.32728989963377,1.9268569225898031,1.737159835112799,11787.299909884448
75,0.018183681912994153,0.8618785592765476,3.0990199816728508,2.406773101409237,2.095114946088824,7504.981385966329
76,0.02457174094708067,0.8714967941721014,2.8474097616331306,2.2492788975721716,1.9792929060356796,8374.817438347627
77,0.011088961948087738,0.8455789536440742,3.55372300685431,2.6780639968955846,2.290447879144754,6547.93777054999
78,0.0023964427043634087,0.798620343521823,5.464704867704708,3.7439930106839268,3.035146739573626,5689.0234821237
79,0.003901397136296284,0.8146365699452925,4.776840559514547,3.3654702432787955,2.775759255131952,5734.987618034685
80,0.0011844430171154983,0.7785014744947395,6.690514680962734,4.377543444503557,3.45872221751043,5834.7372548637995
81,0.000583136316861691,0.7588903864298074,8.164537561989219,5.102966880869587,3.9446887343021335,6142.983437910056
82,0.0002738201418859874,0.7375810353708813,10.085076847660275,6.029820034387373,4.530738939896643,6580.3285026744725
83,6.907691279413777e-05,0.7007690689114012,14.855481714899819,8.136922707059524,5.827143666355504,7528.553465037266
84,0.004514343472662914,0.8184238726584148,4.58553451956038,3.2635585566996195,2.7056388274692074,5780.867366335162
85,0.014073465001474952,0.8536477080192938,3.3305519013988625,2.5406556873187807,2.192476035968322,6946.525981375236
86,0.000733160911917819,0.765027375140639,7.6451931208938735,4.858080601885545,3.7788573081058705,6030.1298327830955
87,0.0072421584829198415,0.8323548968052512,4.007251257642904,2.9436366410264356,2.4753137576756012,6063.280181356148
88,0.003857834038830266,0.8133475577786953,4.787599668729495,3.3776826074280377,2.7811593733533524,5732.12491665328
89,0.011191711499059016,0.8461557122892382,3.548799408526667,2.673645863401382,2.285749618058419,6561.572991694153
90,0.0014491842441179924,0.7845494180172063,6.3104700268376295,4.184316313880278,3.3325565964475587,5773.065107417549
91,0.007509748794978385,0.8340885762914872,3.961423344616226,2.914041622552924,2.460470742816835,6094.87643690492
92,0.0018794984911102432,0.7920409260582241,5.868910141927622,3.954092150245187,3.1764448106176224,5715.785603865707
93,0.0013877905806242794,0.7830708496291732,6.3795172285023805,4.220626844578291,3.353765267838673,5785.143657207571
94,0.0033614521481943518,0.809438730585174,4.980115659034968,3.4802688654232834,2.8548647135342073,5704.716689897722
95,0.006052799148707192,0.8271504534784825,4.216840377795121,3.0580119215937316,2.559458848849224,5929.187063643024
96,0.0020717233858651525,0.7949894337805316,5.705491617673154,3.868816881980982,3.1197528355999404,5701.687177189708
97,0.0017454376861416347,0.7888599293231795,5.980934615839072,4.0200448147654875,3.2198767276810347,5729.303136999491
98,0.001285302321778833,0.780507576681542,6.523076364036179,4.294401390371402,3.4075364678612465,5808.113537776322
99,0.00293095383863075,0.805010242345965,5.172511761702912,3.5866565106725155,2.9260351275669616,5690.093846639187
100,0.0034953151227505347,0.8112860302009507,4.926905236334652,3.4472607508969335,2.832717464557924,5711.137892868102
101,0.004160317207690534,0.8158246460375919,4.6815805844357925,3.317639416935271,2.742874706383095,5753.037833521803
102,0.0022925198108635463,0.7979210501639129,5.546464286668018,3.784359493705289,3.062016156901788,5691.764858366771
103,0.0018897867299498424,0.7911973357600343,5.847262069644921,3.9501094943565014,3.1729681352958177,5714.885189397557
104,0.002997215368085864,0.8062165375281342,5.142434830444481,3.5666285737005783,2.914196771766924,5691.672456669319
105,0.0018769322856157084,0.7917387872668583,5.859480134867639,3.9511954024370093,3.1743643574612093,5716.02086390212
106,0.0029057440095446806,0.8049769895086603,5.186738387814394,3.5924582048431892,2.931590752427049,5689.57306818596
107,0.003486695351046697,0.8101648370084219,4.923182693638776,3.4505517870400775,2.8334488735687615,5710.669911060939
108,0.0023596757370547266,0.798756425539657,5.498969258457689,3.7597222986035987,3.045572807886763,5689.8697433595335
109,0.003187486585139921,0.8075261610314786,5.046948013826029,3.5183552796922744,2.880664590125076,5697.589961033472
110,0.0024894127779243255,0.8003115637009782,5.41713144243611,3.7160300044222816,3.0156350474944,5687.507818374226
111,0.0022635760891557225,0.7968705498887816,5.557973686883455,3.794920861566702,3.0684938915863733,5692.727564890989
112,0.0027940697116065815,0.8038698142754923,5.243312219262579,3.622380725584101,2.952027985624282,5687.745077493984
113,0.0022708862124450674,0.7976122201229605,5.555785743380659,3.788720294762662,3.0669095942975075,5692.477275049152
114,0.002749828300372085,0.803154328564191,5.265777292831703,3.636138995222145,2.9606351790430057,5687.259127495793
115,0.0029987021093779063,0.805624557451864,5.136155482794938,3.5663211261716907,2.913385048236095,5691.695513710243
116,0.0025053740600183027,0.8004679496390521,5.405931140174404,3.710410306834944,3.0119739503482346,5687.326070373727
117,0.002294956146515079,0.7976048524466931,5.536248520764531,3.780912054510118,3.0595860887973054,5691.682822272176
118,0.002739281163736313,0.8031275916385147,5.271990898133762,3.6386722363574164,2.963078632550112,5687.166235953483
119,0.0029355705129736095,0.8057652906208119,5.179721201955866,3.5867114035817975,2.926925859260634,5690.219489686853
120,0.0025211484396105246,0.8004006185926009,5.392021684832172,3.7040375470798326,3.007722051442952,5687.165076668307
121,0.002416388726805637,0.7991197816388058,5.459158979485574,3.740329676062702,3.0319206836909416,5688.631825307106
122,0.00269444689421495,0.8026796656585747,5.296460341640589,3.651514600494459,2.971801596674218,5686.857521776434
123,0.002799343607949845,0.8036219268819242,5.236590673108692,3.620614590084627,2.9506380325250343,5687.804058678907
124,0.002563520166182302,0.80113787388504,5.371420930395992,3.691942965547235,2.9992527829905278,5686.8620978604085
125,0.002807153828928156,0.8037338302396603,5.23401500131963,3.6188683949451543,2.949227332517747,5687.909557860063
126,0.0025776324201293656,0.8012831735655551,5.362429836886973,3.6873099956153808,2.996163238568219,5686.792881073867
127,0.002492294589495783,0.8002984938217474,5.412558947581184,3.7134871114216295,3.0147187132305704,5687.470716119002
128,0.0026830516098463914,0.8024394158958736,5.30209524966288,3.6553236589676743,2.974064414851358,5686.802241304327
129,0.0024812201932977395,0.8000507562558873,5.418506819368723,3.717685266123463,3.016694926144313,5687.605193440633
130,0.002672352754567032,0.8023572752328036,5.308244212456918,3.658266649629191,2.976392700237879,5686.761179256195
131,0.0027594444055773957,0.8035609482957004,5.264805747252096,3.6339602116602494,2.959496849415298,5687.360787993303
132,0.0025787202147502003,0.8011895338596634,5.3599323776943475,3.686392529136214,2.9955925747642227,5686.785628660176
133,0.0027202594137476148,0.8028421701589447,5.280473217861005,3.6436713903903923,2.9664045686713174,5687.013326354614
134,0.0026018372920823298,0.8015636084723253,5.348538193322127,3.6798154466926807,2.9910067849871353,5686.715079859948
135,0.0025521231916388644,0.8008542246254231,5.376207931752916,3.6954075606749344,3.001529905325573,5686.927145278289
136,0.002658138647194531,0.8022229156905201,5.3162856482719345,3.6624387206799303,2.979205955473737,5686.7198431059705
137,0.002553416597710226,0.8010075379008492,5.3762390333371055,3.6944292914499584,3.001319145214534,5686.920130617236
138,0.002650038535270364,0.8020812066113338,5.320534779374198,3.6650610885819574,2.980854806265199,5686.702853966515
139,0.0026874611806768883,0.8024828509362574,5.299097833328201,3.6535257489194843,2.973084266473354,5686.8210114928825
140,0.002604661489962415,0.8015829246659625,5.346526226649554,3.6788347583457583,2.990376753976475,5686.708644319055
141,0.002697104577915634,0.8027342473418337,5.296258893976497,3.6514362894039065,2.9715785130974215,5686.873889592847
142,0.002607820020309079,0.8015754333332252,5.3439425977600505,3.67762222061016,2.9895709268708663,5686.701636487775
143,0.0025772809151071,0.8012534376225307,5.3621872761373925,3.6872845157121468,2.996037026912413,5686.793619218602
144,0.0026482609597962554,0.8020811733473915,5.321678889373051,3.665499636676583,2.9812916734817563,5686.700246609003
145,0.0025872069697472798,0.8013309938863166,5.3562483800216905,3.6843151012083677,2.994045910421564,5686.755236442534
146,0.0026402254647072284,0.8019998422119234,5.326248291430079,3.667895607877865,2.982909034235774,5686.690239006872
147,0.0026587225600960746,0.8021646676181898,5.315063249327854,3.6621612787576456,2.979000864464616,5686.719779588724
148,0.002615943476241274,0.8017138310232765,5.340149743747758,3.6753939420618225,2.988000776263119,5686.691732577967
149,0.002660435244143121,0.802197734120928,5.314525930219016,3.6617666837704554,2.9786812978013617,5686.724637544965
150,0.0026184943424398957,0.8017365828411647,5.3385081336750595,3.674560295680838,2.9874485918768707,5686.689073239516
151,0.002602385153046535,0.8015615781347366,5.347697026880923,3.679335548226489,2.9908385601257663,5686.713173499654
152,0.0026380440011460555,0.8019512679201193,5.327312379709105,3.668624503242844,2.983347615980772,5686.688124952469
153,0.0026567330270325148,0.8022177476081335,5.317638962972562,3.66317746184146,2.979634072136171,5686.717569135948
154,0.002619963192359248,0.8017359636717497,5.337354516264832,3.674005699762519,2.987083610746677,5686.687436896562
155,0.002604944748236221,0.8015738833532249,5.346171921762954,3.6787015089192177,2.990229287416763,5686.707738990743
156,0.0026373648440203923,0.8019543207585985,5.327791607391854,3.6687956563969073,2.9835235694050777,5686.687817128716
157,0.002645743156797148,0.8020373760670351,5.322745097573123,3.6661623012380886,2.981726182116912,5686.6959547764045
158,0.0026233617813831893,0.8017947050459702,5.335793254071946,3.673083854837319,2.986430890941348,5686.686054484891
159,0.002614700142186226,0.8016693157550195,5.3404607841609195,3.67573476926109,2.9882259935136855,5686.692495601266
160,0.0026338208675584463,0.8019171978240809,5.329797864721223,3.669853829478025,2.984237386476935,5686.685838945285
161,0.002642561502617375,0.8020048118069979,5.3247173762868245,3.6671874558901862,2.9824019765779712,5686.692269104706
162,0.0026244905048572217,0.8018036316712638,5.335057099431274,3.6727156972385324,2.9861861380346593,5686.685475730746
163,0.002617579597645782,0.8017310665006951,5.339009210576504,3.674758858698149,2.9876379375033566,5686.689850956229
164,0.0026329129496670957,0.8018962118959155,5.330234182820779,3.670157131418244,2.984419618421116,5686.685369357783
165,0.002616484909945773,0.8017047770210528,5.339507838498615,3.675132816371744,2.9878206018138562,5686.690662390809
166,0.0026321292911225254,0.8018919275431651,5.330718252802096,3.6703789212113875,2.984597247792459,5686.685206450553
167,0.0026387489190422084,0.8019855220849833,5.327289263748686,3.668471646682203,2.9832658289342135,5686.689292596
168,0.0026246470486613236,0.8017983459938156,5.334836421689715,3.672621404324671,2.9861287074995975,5686.685212668406
169,0.0026358467723847853,0.8019282233480864,5.328465782317391,3.66920753279098,2.983797081647813,5686.686548972519
170,0.002626477474106973,0.8018280825372602,5.333960442010087,3.6721143905764277,2.985772220741177,5686.684995182706
171,0.0026224492451806082,0.801770086537731,5.336125770204116,3.67334168306389,2.9866044620358627,5686.6862029505555
172,0.002630973347454178,0.8018804174721457,5.33137913724235,3.670725482276733,2.984828979428012,5686.684945313335
173,0.0026343707584477434,0.8019143644423067,5.329395148866909,3.6696835969074777,2.984112778314385,5686.685927121806
174,0.002626957088808501,0.8018313134304489,5.333641048109275,3.6719574373653776,2.9856676630903243,5686.684846989979
175,0.0026235659975603165,0.8017958245149588,5.335580809345558,3.672962258028609,2.986378515663185,5686.685831253571
176,0.0026305730943630835,0.8018711138724111,5.3315703369582215,3.6708582121624866,2.9849092222367912,5686.68482029605
177,0.0026342037900186624,0.8019227999293951,5.329672199462724,3.6697927858209303,2.984181668159559,5686.686149837506
178,0.002627032978641471,0.8018294576668539,5.333544897205854,3.671914045365482,2.98564182860142,5686.684751372441
179,0.0026246801353377006,0.8018042281969219,5.3349206895159025,3.6726491604661047,2.986130859257339,5686.685355029416
180,0.002630265022491984,0.8018700018073638,5.331768551532984,3.6709463494277683,2.984980576802627,5686.684821314926
181,0.0026318446693299738,0.8018848395847332,5.33080142756213,3.670446330129555,2.9846391490079416,5686.6850043147215
182,0.0026278182459017053,0.8018422714225013,5.333170512939447,3.671697304409857,2.9854889124874,5686.68477879356
183,0.002626086552083552,0.8018172466353359,5.334099199904501,3.6722239482905024,2.985846352669917,5686.684945543715
184,0.002629750796740126,0.8018646242963753,5.332059022842931,3.6711000414465023,2.985083290235289,5686.684763601201
185,0.002631219943815197,0.8018796745781024,5.331204442366712,3.670649011578379,2.984773907622611,5686.684935332149
186,0.002628022154659275,0.8018434034439197,5.333031792289672,3.6716302872004447,2.9854441991367224,5686.684730972747
187,0.002627014235636164,0.8018303466682396,5.3335821251911435,3.6719336306225885,2.9856464164749204,5686.684791457418
188,0.002625284552102669,0.8018129283810118,5.334585372314644,3.6724520596335632,2.986012724385431,5686.685192642342
189,0.002629249960862228,0.801856567103726,5.332323936004339,3.6712566091687235,2.9851850595361533,5686.684700602786
190,0.0026297357511998894,0.8018641830762919,5.33206998957646,3.671105706868095,2.985090911301182,5686.684769584306
191,0.002629698313295883,0.8018610226949904,5.332041337164679,3.6711053674475482,2.9850892002756995,5686.684686551382
192,0.0026306388513417864,0.8018703984956729,5.3314768389343,3.6708094347535334,2.9848893642385987,5686.684747717392
193,0.0026277658712028766,0.801837847013071,5.333130391326794,3.671696829144524,2.985486516732615,5686.684671131765
194,0.002626781484621925,0.801824679305826,5.333660671281095,3.671992425975272,2.985684339108561,5686.684740188564
195,0.0026269572909074393,0.8018266951506696,5.333569968812025,3.6719412380983627,2.9856554450893547,5686.684733131058
196,0.0026296447248989993,0.8018607566067606,5.332094113345968,3.671138102889443,2.9851023497695577,5686.684714627281
197,0.002630796264301483,0.8018771442748097,5.331478823619548,3.6707897135872893,2.9848675273752825,5686.684913112849
198,0.002627916508749005,0.8018393071341394,5.3330471056325575,3.671653323109469,2.985458446164178,5686.684665882121
199,0.0026296879901513124,0.8018587967172632,5.332022967592067,3.671109806313851,2.985084430628608,5686.684642882133
200,0.0026305213038293274,0.8018664934647509,5.331518626808514,3.670849593539471,2.984904562632932,5686.684683018989
201,0.002628082688837349,0.8018406596593444,5.332932170984123,3.6715906667445397,2.985419109496613,5686.6846229317325
202,0.002627302018790548,0.8018306113745198,5.3333512491967054,3.6718169695930354,2.985577501964602,5686.6846514736735
203,0.0026280104438386504,0.801838486156631,5.33294562504161,3.671605776909769,2.9854300157734253,5686.684584553112
204,0.0026273909044753664,0.8018294458359733,5.333256496740453,3.671780373233404,2.985552501429626,5686.684573491817
205,0.002626639922444525,0.801821400222942,5.333714410603585,3.6720270745954506,2.9857112249209457,5686.684722919595
206,0.0026289333818908154,0.8018511168934226,5.332459556317246,3.671335772542667,2.985244694287009,5686.684624371643
207,0.0026290386217283595,0.8018498833998245,5.332356918468797,3.6712911430758814,2.985217152823997,5686.684559895142
208,0.0026296752281422826,0.8018559016609554,5.3319702241075895,3.6710883168509763,2.9850824799835296,5686.684553427975
209,0.0026295915264189958,0.8018550611044769,5.332009463701133,3.6711086514983626,2.9850948397106745,5686.684531674114
210,0.002630429435578664,0.8018629382057164,5.331490718447459,3.670836345993311,2.984913053090962,5686.684549595613
211,0.002627781551489405,0.8018340774082258,5.3330281965636015,3.671651706128526,2.985473020715122,5686.684530319821
212,0.0026268288505109615,0.8018217180394717,5.333530882114342,3.671922686031716,2.985667334727564,5686.684584910541
213,0.0026280751060771485,0.801834941310898,5.332819015734527,3.671552093722464,2.9854040753565494,5686.684442587677
214,0.002627646073252496,0.8018268536420012,5.33299875452971,3.6716602590920666,2.9854837690822773,5686.684374355587
215,0.002628751085706417,0.8018398760023003,5.332373041488805,3.6713250367542347,2.9852555230502387,5686.684329787473
216,0.0026290853478854403,0.8018394841740655,5.3320934987246815,3.6711922289657823,2.985173733188485,5686.684196547928
217,0.002630121403803878,0.8018551054000839,5.331583645166372,3.6709001261073273,2.984970653162815,5686.684389450201
218,0.002628015028967086,0.8018283311077542,5.332715163512115,3.671516859226479,2.985395920402762,5686.684233899839
219,0.0026274683261368554,0.8018184798758113,5.33295822272342,3.671659817213786,2.9855039997098523,5686.68417836816
220,0.002626407368954899,0.801800189887307,5.333432665539752,3.67193543110191,2.985708600739939,5686.684140050931
221,0.0026287280129589246,0.8018259078926016,5.332101254110257,3.671230232207805,2.9852200336017023,5686.6838904672795
222,0.002629201371520458,0.8018218231660029,5.331637843302861,3.6710195133908785,2.9850935480843437,5686.683597000596
223,0.002626021870961178,0.8017915684408888,5.333567632917184,3.672029648334862,2.9857716128666367,5686.6840852044925
224,0.0026278456599283812,0.8018057048127727,5.332379880562864,3.6714171743874124,2.9853735729695705,5686.683585221379
225,0.002627945458951208,0.8017951306073408,5.332070470511688,3.6712956380702457,2.985318476438504,5686.683191686122
226,0.0026274489054648165,0.8017909474227988,5.332405569697421,3.6714720792439954,2.985430442485041,5686.683315899564
227,0.0026257252273909873,0.801760381423784,5.333152118926334,3.671908690234156,2.985755346349188,5686.683265108868
228,0.0026281294256060286,0.8017837501472874,5.331700836215984,3.6711547993827596,2.985239165522538,5686.682767297119
229,0.0026289908772981945,0.8017755304036804,5.330835132445141,3.670764545759519,2.985004475592593,5686.682168399644
230,0.0026297035601758043,0.8017859562498318,5.330473158125381,3.6705546448113697,2.9848693472680212,5686.682272796792
231,0.002626724111685407,0.8017413571021526,5.331936554754138,3.671378669729744,2.985457665141665,5686.682066899257
232,0.0026254863571925106,0.8017011270984388,5.332085916755592,3.6715582610758135,2.9856397403253996,5686.681494864323
233,0.002627690592058993,0.8017363024371538,5.331041062062882,3.6709605827545615,2.985204476360535,5686.681406165975
234,0.002627811443692811,0.8017089813409429,5.330358939187491,3.6707048612329203,2.9850914997120976,5686.680452674103
235,0.0026302510205616966,0.8017463069232853,5.329177959541306,3.6700426871243557,2.9846141539591766,5686.680804466294
236,0.0026289508524215176,0.801692032060899,5.32910222158319,3.6701543857551044,2.984769197116468,5686.679469459971
237,0.0026294536933879125,0.8016404877591187,5.327618716811561,3.669583892642288,2.9844945953555553,5686.6776347095565
238,0.0026270934002705884,0.8016430209309032,5.329557114747456,3.6705069304915785,2.9850683872803936,5686.6786766867945
239,0.0026270467558267034,0.8016004467078709,5.3286841406288055,3.6701940091215683,2.984958819963567,5686.677313388325
240,0.0026260752342818134,0.8015129191978708,5.327608970214456,3.669908774057296,2.9849359924109184,5686.6750167965965
241,0.0026307893483185837,0.8015995546749222,5.325644487089835,3.6687410927690394,2.9840423051292793,5686.675885612849
242,0.002626238681602343,0.8014956930494904,5.327137012424947,3.669735405787651,2.984838907551906,5686.674386622863
243,0.002624234807952865,0.8013704154909257,5.326116831998119,3.6695817747673267,2.984951290695014,5686.671709229142
244,0.0026272450881662007,0.8013975949298424,5.324260900157327,3.668624330417917,2.9843055315072915,5686.67066975212
245,0.002626961956178165,0.8012419470810441,5.321214497246523,3.667584507263773,2.9839126250122,5686.665803273261
246,0.0026279105772143724,0.8013031174450539,5.32172612832382,3.6676534477019946,2.9838663939954526,5686.667281259402
247,0.0026249352302149787,0.8011707407571987,5.321306315285671,3.6678039122175385,2.9841887733219408,5686.664732857221
248,0.0026226789111670414,0.8009359704900783,5.318152919782959,3.6669142458075283,2.984035874056962,5686.659006229858
249,0.0026203642378518992,0.8009462807996331,5.320282375967173,3.6679156676669673,2.9846385128015718,5686.66172161635
250,0.002622783085961231,0.8008062873638647,5.315393858268432,3.6659519346689695,2.983625966666205,5686.654840717299
251,0.0026211385598105953,0.8004532050996502,5.309296808839775,3.6639751150887494,2.98297116941317,5686.64522081153
252,0.002623383373225243,0.8005818736865639,5.3101602735545255,3.664036937492582,2.9828188247795615,5686.647110561375
253,0.002617907769186238,0.8003607712444711,5.309918322969277,3.6645169976858902,2.9834842635789736,5686.646111200276
254,0.0026152388850614926,0.8000696485158167,5.305916681711345,3.6633595720742997,2.983266714499055,5686.64076962737
255,0.002609396982369873,0.7994841425872024,5.298284274082905,3.6612489299493554,2.9829438116755833,5686.633100478408
256,0.0026174288292141325,0.7997802399896846,5.298058356021595,3.660364227277711,2.98186364082323,5686.628416943894
257,0.0026159623582495436,0.7991978563227569,5.286981183353549,3.6565943391249363,2.9804771724271197,5686.612283956686
258,0.002612437851731727,0.7990958315368597,5.287731290923467,3.657238660730459,2.981042599839816,5686.615184540711
259,0.0026073720902529277,0.7988553642742852,5.286731669447213,3.657392720218857,2.9815484408288793,5686.618145532961
260,0.00260861447834458,0.7984745150524307,5.277725855154098,3.654068134790281,2.9801096290655447,5686.6036634977445
261,0.002603980211571364,0.7975330546549015,5.261702885407185,3.648854881214907,2.9784237434787593,5686.586107332385
262,0.0025985635539677882,0.7972159939164724,5.259365949349065,3.6485684349618657,2.9788038610905576,5686.592002275742
263,0.0026059161743534997,0.7972757529623606,5.254778234231329,3.6462215181077022,2.977176794703471,5686.5733680444255
264,0.002604177511943028,0.7961738467658395,5.233159364375661,3.6387309577543965,2.974297468647329,5686.544593809395
265,0.002606661356093277,0.7968308785208177,5.244849821667273,3.6426047634607923,2.9756705112762725,5686.557999476336
266,0.002599304248993815,0.7956871822773909,5.226806472285277,3.6369208103523385,2.9740289527497814,5686.544117738666
267,0.0025927622285477924,0.7939883140473503,5.196607809756124,3.626804252996737,2.9705283196419194,5686.516724071229
268,0.00258656903501485,0.7935071365504892,5.191620080399316,3.625678555395345,2.97061748775855,5686.527961322479
269,0.002599073218226908,0.7939973956172797,5.191885227010389,3.6245183632871143,2.9690161181183177,5686.4950018918935
270,0.002599328087840994,0.7923929726663761,5.158470244846677,3.6125528415072745,2.9641343134438536,5686.447245517196
271,0.0025918122942130747,0.7916316665595161,5.148610003121313,3.6097677152196175,2.9636883669140683,5686.452685563612
272,0.0025832365951961585,0.7902572632348194,5.127032085177681,3.6028873105439,2.9616467533409083,5686.451558904857
273,0.0025773633808576276,0.7885531654562704,5.096546161414361,3.5924693980869007,2.957966419813901,5686.434528321608
274,0.002564060028907987,0.784770221972523,5.029582809726143,3.569559645360742,2.949834552218042,5686.415130928222
275,0.0025858528637347712,0.7877070297919551,5.072576936917213,3.582975704313312,2.9533252430498704,5686.368606562668
276,0.0025854948524584383,0.7848228941969188,5.014082927269159,3.561813256738391,2.9447169048181543,5686.291819541064
277,0.0025767814598939794,0.7835820322869188,4.99574466177816,3.5560499830378482,2.943121929665138,5686.305360376691
278,0.0025717357925778305,0.7827083110872814,4.981891596260113,3.5514700513312647,2.9417089651966855,5686.312695481952
279,0.0025756721160029267,0.7810650180643418,4.945720045351119,3.537852527052061,2.9357938803083683,5686.246530347306
280,0.002571898187100216,0.7765090700078731,4.857482853999731,3.505776690989717,2.922952195624027,5686.155797626427
281,0.002548887867696477,0.7726760216787856,4.798779262248302,3.486295636876678,2.916959993855854,5686.241856676257
282,0.0025778204103436117,0.7753494851600827,4.830134945419457,3.4951321843141026,2.917990133931439,5686.0896754572095
283,0.0025847282689603675,0.7706816110328566,4.7333968236524635,3.4585024385550738,2.9021970717260173,5685.934153640891
284,0.0025753123740618325,0.772591798254542,4.777584871124913,3.475858301366424,2.9102657725825885,5686.038361349923
285,0.0025696833338184066,0.767382373822923,4.679998589542627,3.439854287517182,2.895835312739544,5685.955734658663
286,0.00255474695130372,0.7593127415456489,4.536032177269959,3.386759182760748,2.874952601655827,5685.905977523764
287,0.002539510399339858,0.7468703171449754,4.3143803946316615,3.302485371208518,2.8406927232165686,5685.833397710232
288,0.0025876202615177134,0.7608411997824962,4.54205019970313,3.385960806130993,2.871714626131351,5685.687337010857
289,0.0026072066162644092,0.754991939630102,4.418883053527913,3.336881497176201,2.849355804292746,5685.446905844878
290,0.002578494276822591,0.7486231223647806,4.320479209567417,3.301296289048917,2.836743241210849,5685.496880050783
291,0.0025763480443051264,0.7429933618620101,4.219531065620943,3.2617875109991212,2.8200969614898295,5685.4100540322925
292,0.002576866035603112,0.7286221234625623,3.965446341466139,3.1597481377839203,2.7760656677664506,5685.174583183211
293,0.0025848761091071693,0.7326885777854707,4.031302792892641,3.1858303913684995,2.7866676930881673,5685.166652816892
294,0.002592506147805976,0.715934386162882,3.7414958516821986,3.065942130249187,2.7336370007402735,5684.8684057908395
295,0.002572920744864538,0.708362454893612,3.627999076280046,3.019568997393,2.714799250855328,5684.979342145682
296,0.0026324605457273974,0.7156315271928851,3.71382249682057,3.050940678925649,2.7237406112333784,5684.584072428614
297,0.0026802037376940967,0.7005055782034502,3.445660601758868,2.93244715137039,2.667082746767188,5684.180769404033
298,0.002633093914646922,0.6952336311114465,3.3876917603227117,2.910773674489562,2.6610716040459104,5684.342294283129
299,0.0026144084078824725,0.6670019093529794,2.978241090949579,2.726586123971736,2.5778275242729562,5684.39529343148
300,0.002660539284026387,0.6671399188306716,2.9596979471050417,2.7145274573074123,2.568623512546277,5684.018798298701
301,0.0027033893161575165,0.6383725656993424,2.5569665584555263,2.5160260020199923,2.470789874678604,5683.851577312991
302,0.0027178656348907345,0.6582505328808395,2.812518923198014,2.640643751727142,2.529482650773199,5683.748583680225
303,0.0027933719595366682,0.634540084156519,2.476336139789332,2.4694045448633464,2.441623505142171,5683.702157076692
304,0.0027790616796391143,0.6205944218919203,2.312187686497311,2.38507552070182,2.4010639252244106,5683.782691587336
305,0.0028239334055560786,0.6471818494525112,2.6250271154101505,2.5421433355766845,2.4748601168576063,5683.798455799941
306,0.0028834788726426813,0.6033660308216642,2.083923248580035,2.2557317586499264,2.3288718488275975,5684.190316739312
307,0.002818734477395197,0.6251271123881484,2.3530830840060712,2.404183986634913,2.407816208199676,5683.7810393815735
308,0.0028904792642556044,0.572166893609864,1.7589723647239524,2.068048411076082,2.230490610507059,5684.818184035007
309,0.0027312931839941065,0.6659465598840009,2.9125214124594168,2.6872793862836697,2.550512564493329,5683.7524108613125
310,0.0028774843129142982,0.6385665637232724,2.497031936108456,2.4746560665171407,2.438471803750819,5684.058087903502
311,0.002745899803550199,0.6384210596792764,2.541849367652903,2.5056191280967797,2.462670421615396,5683.705389644748
312,0.0027239504353491093,0.626449996138562,2.4011636362764177,2.4350952183382777,2.4296580152486476,5683.8605706958515
313,0.002798598766710997,0.6419354346809085,2.5671768324455018,2.514948015441386,2.463481356870071,5683.705128807824
314,0.0027756994995137745,0.6621833622121142,2.8425332129469174,2.6510907713693586,2.530173519666244,5683.74427006329
315,0.002719842633765607,0.6727005287097079,3.012441934154138,2.73490214518452,2.573602586571546,5683.810481531364
316,0.0027936794293070884,0.6366953727242323,2.5029813719222895,2.48291140333791,2.4482336975326167,5683.698256559587
317,0.002832389158605277,0.6202226893701637,2.2906683515507704,2.370587730290426,2.3901629616489064,5683.84341662268
318,0.0027562237556161408,0.6542088988580093,2.7427890001536084,2.6043456507265295,2.50944382667768,5683.687270205532
319,0.002779237154132927,0.6207318618572651,2.313771861431259,2.3859089448450046,2.401461023608098,5683.781225504935
320,0.0027765834907850367,0.6515679415248113,2.6999722132748354,2.5821526603755927,2.497362667198124,5683.690025565543
321,0.0028219140931822683,0.6491067110792854,2.6506968771301307,2.5549955673274245,2.4811309295018757,5683.799789410581
322,0.0027647092249759794,0.6410758669657873,2.56863487227798,2.5178730513275935,2.4672726316713454,5683.676658981557
323,0.0027553156906918513,0.6452071720871899,2.625141560866857,2.546701951924053,2.481840352086242,5683.67716009005
324,0.0027453661396645793,0.6570940332136533,2.785711707902427,2.625845937666545,2.5204755096429383,5683.7004558306235
325,0.00275728969072636,0.6513814823168419,2.70492062906294,2.5858301335107634,2.5005269277627376,5683.680255610577
326,0.002730705110446038,0.6608705174215831,2.842934875983832,2.654335218374204,2.535010564922497,5683.729603413116
327,0.00277780098933778,0.6426549612335938,2.5839549692153616,2.524700462908448,2.4696453806439975,5683.6771288932
328,0.0027480004054832464,0.6422374492082202,2.5896167327361894,2.5294509123294344,2.474071362737741,5683.689768767588
329,0.002755118472430849,0.6445574707006431,2.6167753681631476,2.542524640265168,2.4798737446326498,5683.677851816896
330,0.0027678552925207976,0.6358533536951195,2.501681435578708,2.4839117712974867,2.4505140442061646,5683.689097275912
331,0.0027591270493033298,0.6495709242977827,2.6804166114879764,2.5737005130120334,2.494579837759753,5683.676933739851
332,0.002767522599936561,0.6379027478948439,2.5274873385225907,2.4969969041493516,2.456911355043962,5683.6826703947145
333,0.002759844365412604,0.6479853307938233,2.6594274167855287,2.5633298508904927,2.4895509781783898,5683.675097574629
334,0.0027716029809113822,0.6460254776613378,2.6295761438155743,2.5478189026397575,2.4812357727920604,5683.674736553711
335,0.002779882184830389,0.6467607344591926,2.63599999465687,2.5504701664557636,2.481917067372578,5683.681941560799
336,0.002777945970686385,0.6457022351266681,2.6229660885370505,2.5440859432353924,2.479028045522592,5683.678667146108
337,0.002760955918428221,0.6453309022512583,2.624597523687489,2.546047697675679,2.481136976487483,5683.673998206398
338,0.002748763464121388,0.6493449248271682,2.681461538973732,2.574913891183774,2.495899777280304,5683.682660911347
339,0.00277051297623537,0.6443209625832429,2.6079940648258493,2.5371612645759707,2.4761829746851127,5683.673672538864
340,0.0027719295926117923,0.6403494070085303,2.556795136148456,2.511484984805506,2.46364689060818,5683.676796662535
341,0.0027687233983332785,0.6426424401852563,2.5871554474611083,2.5268964297490166,2.4713439805629545,5683.67403523063
342,0.002767938751449612,0.6494685869120934,2.6757400410162737,2.5708468776865296,2.4925572987990487,5683.677734822033
343,0.002765516253164137,0.6431638242019053,2.5950023779963605,2.5310132855120737,2.473569650358719,5683.673883522921
344,0.00277509589549767,0.6406266156724072,2.5591632917992313,2.5124736565143726,2.4638968157460788,5683.677102776004
345,0.0027636493717370053,0.6461377652269065,2.633998999717342,2.550520100379806,2.483112503841552,5683.673433046062
346,0.002760147787576797,0.6426147626906902,2.589955666830424,2.528841061062875,2.4729016892792925,5683.676506023993
347,0.0027687347332552674,0.6451711055450216,2.6196145614322726,2.5430611319108753,2.4791496224270597,5683.673382993369
348,0.0027630229757992604,0.6470132037448258,2.6455837008385195,2.5562915916496505,2.485933478953397,5683.673885112896
349,0.0027716258545617423,0.6449890725762589,2.61616319716729,2.541141449905714,2.4780351647057386,5683.674169653971
350,0.002763619545388314,0.645245427852318,2.622486396255929,2.5448202483887084,2.480361159737362,5683.673328332231
351,0.0027697915375058794,0.6426083915079642,2.586322842334462,2.5264090726694417,2.4710348497155414,5683.674123873128
352,0.002764713563983434,0.6459091781313,2.6306423872877467,2.5487879879858646,2.48220042131458,5683.673288109614
353,0.002766973095622713,0.6475567965318189,2.651161003461293,2.5587941770023037,2.486848395950279,5683.674598593269
354,0.002765880391852631,0.6442592654600865,2.608929514205978,2.5379301030099866,2.476882674764259,5683.67324669878
355,0.002760134500963795,0.6463690879480658,2.638332718666561,2.552903155524847,2.4845045805861035,5683.674257262562
356,0.002767914704594499,0.6448323846993272,2.615545864038048,2.541087613655051,2.478260759468531,5683.673213481843
357,0.0027686967810023307,0.6440304484029493,2.6049491494927044,2.5357709220448728,2.475633663520998,5683.6733560178545
358,0.002763596336318462,0.6445390182776309,2.613377823649978,2.5402897430465674,2.4781836918999263,5683.673484714707
359,0.002767449239036111,0.6450130256385255,2.6180539830194705,2.5423680013693306,2.4789081045046766,5683.673177764473
360,0.0027631360469740226,0.6460744338683733,2.6333712284557658,2.550242012223928,2.4830157394194767,5683.673481250424
361,0.0027673055492344577,0.6445408377290941,2.612025780304035,2.5393809780735337,2.4774771224000354,5683.673168235944
362,0.0027696886556510926,0.6445761343193882,2.611582670988041,2.538999421274438,2.477130132860571,5683.673489653281
363,0.0027651355750326735,0.6450780393448727,2.619756204416127,2.5433637917438428,2.479553008135857,5683.67315872305
364,0.0027687617018986193,0.6435821974242601,2.599170889247367,2.532887559091366,2.4742382710855813,5683.673496963673
365,0.002765725043247467,0.6453266453660181,2.6227389668753807,2.544803547368379,2.4802074848756184,5683.673146851424
366,0.002767531479525071,0.6456577593420577,2.626342678729496,2.5464772893485574,2.480881160881372,5683.673334770232
367,0.002766293071401588,0.644608604692477,2.6132719516348644,2.5400642062873113,2.477881691721137,5683.6731485157015
368,0.0027648492476957543,0.6449943502776894,2.618787770057127,2.5429033106085828,2.479349909072251,5683.6731854978825
369,0.002765615293493731,0.6449538550695928,2.617976917034494,2.542449264777052,2.479077576805064,5683.673135483686
370,0.0027645811178813183,0.6447900530034608,2.616248142335394,2.541655148823657,2.4787702305687986,5683.673246246895
371,0.0027667319299111456,0.6449572752521692,2.617602406025994,2.542189769491457,2.4788736353017726,5683.673130495208
372,0.0027644954182242374,0.6454291526704454,2.6245240695075425,2.545770319313121,2.4807610845687256,5683.673219387617
373,0.0027666027487965165,0.6447628017796464,2.615144761662142,2.540976808444802,2.4782977051656236,5683.673130377229
374,0.002767251990698194,0.6447655815786852,2.6149361211563034,2.540829268157835,2.478182165926285,5683.6731548667585
375,0.0027667227349655417,0.6448436818286984,2.6161403099151053,2.5414626621702667,2.478524805410877,5683.673130765868
376,0.002766265938146255,0.645329242501276,2.6225750470926776,2.5446900326334863,2.4801111151678303,5683.673148133785
377,0.0027662727214351366,0.6451490075560131,2.6202461729673363,2.543532786867257,2.4795535713255368,5683.67312901578
378,0.0027670532234927905,0.6445402167276594,2.6121148838392214,2.5394434920119764,2.47752408172618,5683.673156964627
379,0.0027660570285289684,0.6451299482941093,2.6200789019688804,2.543462473812988,2.4795363617370394,5683.673127628611
380,0.0027673398147365215,0.6449831949709266,2.6177065056801796,2.5422001221755877,2.478836754127022,5683.673168105899
381,0.0027660463230280686,0.6449611899198,2.6179093115772414,2.5423869768377174,2.479017368942241,5683.673123279584
382,0.002765961589624389,0.6451404109157254,2.6202525899741764,2.5435569474277617,2.479586677501196,5683.673126689198
383,0.002765644322207397,0.6451000411578688,2.619849245745887,2.543376369624485,2.4795229814319195,5683.67313273912
384,0.0027664599878940736,0.6449929637662652,2.618163935240885,2.5424863676143743,2.479035955890098,5683.673124396742
385,0.0027657163704424823,0.6453867472147048,2.6235218710293524,2.5451950507899204,2.480394684850082,5683.673151965963
386,0.002766381127579679,0.6449187315640755,2.617236527965168,2.542030713167764,2.4788217838251367,5683.67312291662
387,0.0027660896898282976,0.6449083000779623,2.617210651149788,2.542036677555342,2.47884570077155,5683.673124327783
388,0.0027663184509278166,0.644838712210556,2.6162312448888585,2.5415368407495893,2.478586693132467,5683.673123546119
389,0.002766556664484383,0.6447076164647563,2.614451120507189,2.540634878788576,2.478136524954503,5683.673134027871
390,0.0027661103463384857,0.6450321850728105,2.6188010168344564,2.54282611534683,2.4792240598278243,5683.673122383626
391,0.002765918407182769,0.644870683263725,2.616791468998828,2.5418405308494054,2.4787622760285086,5683.6731288179035
392,0.0027663245827754114,0.6449623914670345,2.617820751210386,2.5423248930407873,2.4789675330919905,5683.673122171924
393,0.002766382643863277,0.6449769796031202,2.6179886731525186,2.542405479979581,2.4790012590538053,5683.673121880148
394,0.0027665291325154966,0.6450113221084108,2.6183777708809854,2.542589901256114,2.4790790418556274,5683.673124649664
395,0.002766179552923174,0.6451019036190042,2.619672302417685,2.5432530947806113,2.4794261731278704,5683.673125917056
396,0.0027662837257728112,0.644904499994274,2.6170910852904705,2.541965795648054,2.4787965364810196,5683.67312187997
397,0.002766546666499639,0.6449567219799093,2.617665773975974,2.5422341871861867,2.478907091733844,5683.6731244262155
398,0.002766171400411926,0.6449600729319256,2.6178484250528378,2.5423487785639742,2.47898979918023,5683.673121934387
399,0.0027661279542720366,0.6450157211287122,2.618583512662427,2.5427177287707132,2.4791698959730977,5683.673121327045
400,0.002766001376307058,0.6450642213807546,2.619257264953006,2.543061306197013,2.47934397037926,5683.673122414113
401,0.0027664057811311853,0.6448956862141195,2.61693220909331,2.5418790207194024,2.4787459670637864,5683.673122372078
402,0.002766331919474959,0.644929808220558,2.6173992859660724,2.5421157613005807,2.4788654816107965,5683.673121604028
403,0.002766194472942244,0.6449524390430987,2.6177435418682444,2.542296498542254,2.4789616491997384,5683.673120624748
404,0.0027661294203204997,0.6449474628887221,2.617704938051125,2.542282301411912,2.47895870725885,5683.67312037772
405,0.002766330863400426,0.6449497135454678,2.617658476296321,2.5422460232374537,2.4789269468019226,5683.673120127771
406,0.0027664105983418864,0.6449445339146365,2.6175635070865675,2.5421946471316206,2.478895521210357,5683.673119832927
407,0.002766130804597498,0.6449198300065785,2.61734820173355,2.5421049973109398,2.4788731930566774,5683.673120931129
408,0.002766168548929414,0.6449984441344679,2.6183487667051244,2.5426003981512095,2.479108587786984,5683.673119193212
409,0.002766110962306037,0.6450454213363056,2.6189778340432532,2.542917758811078,2.479264628171002,5683.673118988256
410,0.002766031979847373,0.6450193790807696,2.6186719138997128,2.542771214781753,2.479199298024311,5683.673118906043
411,0.0027658820222291568,0.6450641691757745,2.619308459888445,2.543099004894866,2.47936622308821,5683.673119804576
412,0.0027661975463053206,0.6449349286771363,2.6175229925635737,2.5421906243036614,2.478906639525777,5683.673117099106
413,0.0027662323429785227,0.6448945362463469,2.6169928935905653,2.5419271130472634,2.47877502178524,5683.673115798541
414,0.002766235311754342,0.6450207026798428,2.6186161803661205,2.542732201655059,2.4791640722402497,5683.673116372518
415,0.00276627905381409,0.6450223636496122,2.618623855919553,2.5427348360141266,2.479160698876079,5683.673115056916
416,0.002766353873596261,0.6450598172919598,2.6190834358128705,2.5429611335215805,2.4792617008566484,5683.673114411715
417,0.0027659752025100963,0.6450714096294433,2.619373488888779,2.543129151463174,2.47937037645362,5683.673114839412
418,0.0027662205159049934,0.6449809121276261,2.6181171414652926,2.5424905176063888,2.47904354802779,5683.673110826363
419,0.002766275294331564,0.6449486599425969,2.6176869012528527,2.542276923922948,2.4789330153490754,5683.673107320254
420,0.0027663968363854765,0.6449786647893098,2.6180289847259925,2.5424393280168145,2.4790023614528898,5683.673108000519
421,0.0027662581003496008,0.644960526921925,2.6178498593774844,2.5423611948429388,2.4789729026587572,5683.673105181389
422,0.002766269494717631,0.6449304411482346,2.6174667829843377,2.542175711737297,2.4788773233960257,5683.673100050117
423,0.002766275929943154,0.6451010722662428,2.619663402858827,2.543265905973321,2.4794029139990785,5683.67310438964
424,0.002766653409680618,0.6449360529331171,2.6173984132446897,2.5421184809255863,2.47882056353018,5683.673103751128
425,0.0027663945047054685,0.6448981430625012,2.617014499655589,2.541949438076922,2.4787527791046133,5683.6730946220705
426,0.0027664148204838645,0.6448173211438327,2.615980644538599,2.54144374130001,2.4784983574051087,5683.673088249465
427,0.0027663587354600084,0.6449147430695221,2.6172490012911007,2.542072856574086,2.478810477690367,5683.673089783606
428,0.0027665136598026764,0.6449311794573785,2.6174158651784167,2.5421536200647443,2.478830805627742,5683.67308394666
429,0.00276663285024046,0.6449224393924398,2.617280357665064,2.542091970378311,2.4787797023474276,5683.67307362483
430,0.0027666557989655554,0.6447073838845598,2.6144891177758804,2.5406958192026607,2.4781118167060154,5683.673088021509
431,0.0027662792744862583,0.6447808763941214,2.615587771016743,2.5412735036183323,2.4784104920938805,5683.673075164317
432,0.0027666671032665676,0.6447266701677942,2.614768242938056,2.540855507651994,2.478167039288766,5683.673065906477
433,0.0027668659289718125,0.644624808822503,2.6134200163909287,2.5401956627350155,2.477811973559145,5683.6730549541835
434,0.002766780734891996,0.6446264053273362,2.613454876493239,2.540207598899743,2.4778345106327597,5683.673063765409
435,0.0027668710187969073,0.644647436374796,2.6137118948531253,2.540341997225469,2.477881024965136,5683.673051669099
436,0.0027670991461638352,0.6445625107753236,2.6125782579701746,2.5397913043079985,2.4775724164083655,5683.673039148007
437,0.002766807350271797,0.6446994057682455,2.6144382579003356,2.5407279144458643,2.4780517418968637,5683.673026411551
438,0.0027668831290380068,0.6446954167471113,2.6144128283335832,2.5407439622195067,2.478021705038419,5683.672996215626
439,0.0027674255516209048,0.6445917455420271,2.6128704510033813,2.539938617872699,2.4775976288520796,5683.673029815438
440,0.00276738897817235,0.6443180541011553,2.6094199741616944,2.5382602913975325,2.476755993524152,5683.673025902501
441,0.00276748438275458,0.6444905907505591,2.6116249731424737,2.539364135865139,2.477269333926938,5683.672994317274
442,0.0027678362737899444,0.6444226941929482,2.610710502000136,2.5389425093790066,2.4769867939181833,5683.672970621921
443,0.002767787341526264,0.6444113500997927,2.6105763964598605,2.5388748943305766,2.4769618305167675,5683.672972037669
444,0.0027678293691935398,0.644413173350196,2.610616936990059,2.538912577111429,2.47695711279753,5683.67295534414
445,0.0027681945529684847,0.6443385176130191,2.609636828721943,2.5384733275293065,2.47664951829834,5683.672925323523
446,0.002767810499606755,0.6442826762280335,2.609032327056374,2.5381793762445883,2.4765527210167555,5683.672918058108
447,0.002768002993679019,0.6441281971477698,2.6071153798266278,2.537300212423143,2.4760304323664166,5683.672872955078
448,0.002768092709136273,0.6444803750558971,2.611559127090908,2.53947333233888,2.4771039624952556,5683.672868154574
449,0.002768444641723401,0.6445615508674958,2.6126293610795455,2.540080070185479,2.4772779653131893,5683.672814140855
450,0.0027692236659959285,0.6440496377893941,2.6058603298195284,2.536725718268911,2.475541459159169,5683.672897247374
451,0.0027688935349806302,0.6441888531649589,2.6078030220738793,2.5377334105452234,2.476032562444417,5683.672812802773
452,0.0027694467974876775,0.6440776335074019,2.6064174399483244,2.537162861122087,2.475568059152054,5683.672760386693
453,0.0027694889157273265,0.6440395192578475,2.6059529947030087,2.536954176673001,2.475440241587511,5683.672747372465
454,0.0027703156066989773,0.643848017237465,2.6035774931511444,2.5359605943204873,2.474667327566779,5683.672696789809
455,0.002769978982353334,0.6439274772408836,2.604602155046854,2.5364181017925116,2.474984565060294,5683.672688675547
456,0.0027708716283529884,0.6437220553952946,2.6020884618334583,2.5353911129984743,2.474152508219071,5683.672641382498
457,0.0027696085906978073,0.6440852154004771,2.606865970063877,2.537631269695498,2.4755365773506925,5683.672540792904
458,0.0027698010731126233,0.6441030049430085,2.607368935711012,2.538084166624292,2.475534136450064,5683.672369386231
459,0.002771549797144876,0.6439965861854695,2.6057124009956,2.537370223109809,2.4748492501623556,5683.672613057965
460,0.0027723504925754707,0.6433379169536851,2.597457192801707,2.5335113871834,2.472632609967489,5683.672618492196
461,0.0027725091957764725,0.6435254077178745,2.6000637693185324,2.534963602430711,2.473166473399974,5683.672494438102
462,0.002772517345190207,0.6436258643885105,2.6014941903489017,2.5357665205598927,2.4734663535168195,5683.672405964482
463,0.002772619421532424,0.6437133275021641,2.602745075002001,2.536486298523318,2.4737065643948695,5683.67234588177
464,0.0027734937315019807,0.6437089635999753,2.603073443717527,2.5370340686762707,2.4734836226251913,5683.6722888834865
465,0.002771597453288376,0.6442462583384388,2.6096393986659545,2.5397794169478876,2.4755678498630544,5683.672221213261
466,0.002771221010352372,0.6447009098570621,2.6157519105656095,2.542919244712824,2.477036776201247,5683.672131929163
467,0.0027722666028311893,0.6438687918551829,2.6053762389919375,2.5381338007512175,2.4742248148040105,5683.671923085492
468,0.002772625075191617,0.6438049042001429,2.6052081742535074,2.5385156757371528,2.4739126562096363,5683.671591517254
469,0.0027713536192376406,0.6444521473100429,2.6131016327315346,2.541966789760373,2.476207088656665,5683.671761633152
470,0.0027708801210110296,0.6446823201510729,2.6163197338868014,2.5436454722868747,2.4770038874348517,5683.671624015424
471,0.0027740296115301415,0.644436450632278,2.614005651845057,2.5435486462400583,2.4755225302617103,5683.671752637414
472,0.0027705503352367807,0.6451223405399485,2.6227121488337537,2.547213033619422,2.4783914443966824,5683.671356222642
473,0.002769079808701554,0.6458301923291109,2.632586992788786,2.5523178206963686,2.480849005815254,5683.671217994228
474,0.0027719653320063785,0.6445808217236311,2.6167062416598954,2.5450708256947614,2.4763591820178856,5683.670798416704
475,0.002772337567798978,0.644520786045461,2.6171835377659316,2.5461472987646387,2.4760204544379123,5683.670151645856
476,0.002772226299391483,0.6448571046382219,2.6209960816149547,2.5476984909648523,2.4771142355465408,5683.670587278419
477,0.0027688317456209346,0.6450411541371347,2.622890079545335,2.5477748531733093,2.4784363788763133,5683.670525089936
478,0.0027711590509535973,0.6449386825159703,2.6232006135089163,2.549331435767337,2.4775270507054996,5683.669776889203
479,0.002771298526454104,0.6450669019249833,2.626647836575109,2.552179182049179,2.477788673775484,5683.668907890411
480,0.0027688849381629203,0.6463237234289273,2.6430395195235947,2.5599740135498728,2.4821766804186938,5683.669480971587
481,0.002772351910991159,0.644493786232697,2.6197010137183616,2.5491827744377784,2.4757664020542327,5683.668554783122
482,0.002773989411788883,0.6438266205688356,2.613281696359307,2.54761669566153,2.473229006349868,5683.667481085957
483,0.0027699096197860147,0.6450535446727806,2.6281855891083143,2.5537719985247547,2.477942819689459,5683.667753597203
484,0.0027737372908912977,0.6448744465052039,2.6284074317644284,2.556098193463149,2.4764236488027986,5683.6672500605055
485,0.0027761933217517244,0.6447911088467143,2.631170458586924,2.560270054900902,2.4754178967983442,5683.6664358653
486,0.002771770185055174,0.6455033623129864,2.639760456762403,2.563397499095614,2.4785986515154357,5683.665546288717
487,0.0027714865372296654,0.6459952120331489,2.651121845821962,2.572066376322219,2.4798887566008676,5683.66365930643
488,0.0027762691415270783,0.6435718217089614,2.617130956726221,2.5543627381234284,2.471539463651231,5683.664406367508
489,0.0027758402318528016,0.6442275055819313,2.6296424633166873,2.5630408532334936,2.4734167156580176,5683.662711317953
490,0.002778113874957589,0.6438082170999475,2.6311410567533504,2.5684890111330754,2.4712336302544244,5683.660272802936
491,0.0027805195706740037,0.6437430538540919,2.6292856100911304,2.567336564989404,2.470582065154634,5683.662632639959
492,0.002779042692405999,0.644936331363719,2.650746415079066,2.5814892957933777,2.474230834040896,5683.660693803686
493,0.0027779761819368737,0.644029637120216,2.640542149024457,2.577225732635659,2.471568747278033,5683.6574409317145
494,0.002778868041338117,0.6436492385483937,2.645240504338253,2.5857456342237763,2.4696464175621338,5683.653226032558
495,0.0027789401942823577,0.6452808379722136,2.666075954359008,2.5958342439839375,2.4746886363597844,5683.65699146081
496,0.0027867278882453615,0.6425756703100546,2.6378215739225905,2.587469681148795,2.464286850373828,5683.657254098074
497,0.0027801538123992794,0.6443557523260592,2.663179261641739,2.600348886586763,2.4710467667720146,5683.652443615221
498,0.0027799709513046875,0.644662320208998,2.680289580974034,2.617013892305533,2.4712791503575193,5683.64838338027
499,0.0027820028933362097,0.6430542318992365,2.6533552254074055,2.6002695978009456,2.4662248566356575,5683.648595328064
500,0.002784490662903117,0.6438791501778429,2.68213080079144,2.6263177044717083,2.4672128933627633,5683.648025534325
501,0.002787684543676032,0.6439146196474437,2.707995039677884,2.655718482136113,2.465204978758929,5683.647008784001
502,0.0027762646988945703,0.6456515570375797,2.7035826359715207,2.6343435424206296,2.474536604425377,5683.644234131485
503,0.002771047845558465,0.6471950173846244,2.7370754214639272,2.658097950643609,2.479677457383025,5683.641517814105
504,0.0027808794577142888,0.6437070573113552,2.7032004131873553,2.6508693998906816,2.466121275632598,5683.635631346689
505,0.0027818495968591405,0.6429216069314406,2.7219560509305825,2.67882300095255,2.461848724256412,5683.626941685073
506,0.0027821447953811453,0.6450468876202512,2.7558271657337765,2.699123626590729,2.468032351724326,5683.6368596609655
507,0.0027790664823655505,0.6464432672831684,2.7893587682362138,2.724406815205381,2.4721807927905486,5683.6380485700465
508,0.002780735793748014,0.6455427117059797,2.805738028902947,2.7508738834069772,2.467484666284501,5683.634096822207
509,0.002770274458552445,0.6469454491807529,2.8167005196118824,2.749224021445651,2.4744791684041183,5683.626955372641
510,0.0027865953621527247,0.6435670219334412,2.818923805938315,2.7840488098245664,2.4579728842168933,5683.633595958936
511,0.0027815635557483787,0.6431671818219021,2.777776562425889,2.7399196210612655,2.4597490265120925,5683.620475789355
512,0.0027828129336991787,0.6415353703913129,2.772003506742843,2.747709116411722,2.453556606248304,5683.611976830217
513,0.0027787527704695126,0.6431536479020706,2.8181650761326904,2.7853911720777083,2.4580927764333644,5683.614043431575
514,0.0027793675522909175,0.6417072428394124,2.772930667789019,2.746657434958784,2.4548908067351682,5683.607023910454
515,0.0027786836840456674,0.6397980625000422,2.7566711244095066,2.744551634916409,2.4486180018027497,5683.5946327724305
516,0.0027703706698750372,0.6421667238966301,2.7354163612754374,2.698461068470002,2.4606346463007647,5683.6054970850155
517,0.0027867308524978755,0.6369215901879532,2.705697311665973,2.712347206361443,2.4387414132507654,5683.596163297283
518,0.0027770821689139377,0.6385086588591338,2.7931741610839116,2.7975116168284355,2.4420241165405483,5683.580630653159
519,0.0027747015196557105,0.6363135566096431,2.829478963403069,2.8588135925928144,2.432171759117485,5683.562899189899
520,0.002778555092803155,0.6355542846102271,2.7021453871770404,2.718626716279695,2.4354063229002625,5683.575513294754
521,0.0027728023123788645,0.634774687625656,2.719238749073449,2.744204997757778,2.4326731209268866,5683.56045705177
522,0.002767810514040405,0.6314211106063612,2.693234212816869,2.7424546145714728,2.422298129418592,5683.5423064148945
523,0.0027842256471183264,0.6298845109171947,2.738532809513755,2.8124218656845437,2.410487521630183,5683.540247050154
524,0.0027911790980632784,0.6238317793224938,2.740092364838789,2.87119454557121,2.385798515827579,5683.516780155099
525,0.0027696465886158424,0.6298184304431568,2.7826371279252387,2.862452410032781,2.4108682267383035,5683.516542855687
526,0.0027611437730368405,0.626296612311718,2.821923642711774,2.9405919988256586,2.3970513264983193,5683.488094558072
527,0.002770640860361795,0.6216604983572477,2.7568615031583508,2.9080207287751056,2.3807879006005837,5683.470677391351
528,0.0027666281826355206,0.6127854545580438,2.7569566974631283,2.9933709798585637,2.3475807577427457,5683.418791836284
529,0.0027660055494189164,0.6167453173972933,2.835173799796845,3.051010545216867,2.358793706035664,5683.440574962534
530,0.002766371472756303,0.6083607823194729,2.709762427314057,2.9779033544095763,2.333164907257969,5683.400794418998
531,0.0027622158319968956,0.5948483024860048,2.6518172438142944,3.0392958652656765,2.2851832536027064,5683.346892892479
532,0.0027710152563813722,0.5986157502004676,2.8292501678931616,3.2345241664326885,2.2887031052624343,5683.363374868085
533,0.0027398579841325654,0.595980431240585,2.8167138527777147,3.240308358350242,2.285417594367995,5683.348473189311
534,0.002761101350057272,0.5819694769222756,2.7330127807263946,3.289082886712911,2.231707589730003,5683.285587616222
535,0.002761080138811915,0.5609966654552327,2.6896134313526705,3.4785226977195522,2.153363110878006,5683.230642495761
536,0.002754283929672526,0.569005123287568,2.663491438765335,3.3407681281837376,2.186732134146981,5683.2536792095125
537,0.0027487429167731238,0.555951211550882,2.701528735029518,3.5579825550405704,2.1356743146045174,5683.230231818992
538,0.002739843688874165,0.5295424707750324,2.674234052010058,3.879050643294113,2.0370058029294387,5683.234593698393
539,0.0027355463993429803,0.5525256018658228,2.584303300401171,3.4206711412111965,2.1308080704362222,5683.269120017578
540,0.002764912316653572,0.5384144513719639,2.5079126375651097,3.4893567677867363,2.0749122369515822,5683.2205889591005
541,0.0027775252674002433,0.511751426704727,2.366449499685926,3.620969722839526,1.9770461846009761,5683.261765562542
542,0.0027436032374605025,0.518354262596333,2.6050680269118094,3.9314041925215344,1.9965295634995732,5683.238886259635
543,0.0027736120773948257,0.5439891048813306,2.6816951795715216,3.693039060611997,2.0861474920354,5683.215391694701
544,0.0027928430924710514,0.5397704426800679,2.731758958061018,3.8372508401204337,2.0641694618223068,5683.266382862743
545,0.00276245938630954,0.5188192017427288,2.60906459134212,3.9360800115615753,1.9948650674507182,5683.218348502349
546,0.002780821683979254,0.5697197702292626,2.6692138660699567,3.3463321347888746,2.1841802661000744,5683.259136561472
547,0.00275286088692705,0.530744287278759,2.620958500748605,3.776183005086784,2.041873951309043,5683.212742569191
548,0.0027599266323455967,0.5148701384418243,2.5587077697288336,3.908275549201175,1.9824928029494977,5683.22322372847
549,0.0027768204026264367,0.5038319592695454,2.4926735197799172,3.967242495310501,1.9402804228360766,5683.240939813852
550,0.0027557355596358082,0.5424365421761747,2.647729068987099,3.6561587762649137,2.0850544163896876,5683.210435122261
551,0.002763887608686424,0.5555014321858569,2.6680591023031535,3.5166029396567313,2.1328004152865647,5683.22042008919
552,0.0027584947341947478,0.5378901222984013,2.7903388542996046,3.951066306237465,2.0603561478596655,5683.245422487882
553,0.002763306522671152,0.5382833212064695,2.575719343742432,3.599462153013135,2.0712636020281607,5683.2066555098445
554,0.0027592853612328576,0.5148199763855205,2.5861585228949573,3.9571459623416065,1.9810976187477527,5683.22495757658
555,0.0027627363276838523,0.5450391953963725,2.647343951158151,3.6219130368199077,2.093818976127186,5683.208444079344
556,0.0027608226457499436,0.5621978878133336,2.6600878079171473,3.419724554873862,2.1594980174302956,5683.233407693662
557,0.0027620501102233064,0.529339537116671,2.6217279031564935,3.8001060811057137,2.0348075784016926,5683.207036404331
558,0.002745130683428476,0.5303623689275163,2.564736037405029,3.6866836369551286,2.0445261021072483,5683.23022538499
559,0.0027664641447197554,0.5405499439872892,2.6519646274568744,3.691449178307194,2.075663375751006,5683.2065818948195
560,0.0027712824453350105,0.5475928571088992,2.6365436994911984,3.5729281539090905,2.102615871174043,5683.210431208381
561,0.0027746283274351223,0.5378209285694862,2.605470421246959,3.656385376212276,2.0659913127126885,5683.204374064095
562,0.0027841232278557806,0.5355278706331024,2.584594697570609,3.6564986814524483,2.056525219161673,5683.209601828934
563,0.002760394640509468,0.5289332053883674,2.604145142287498,3.7762766188506407,2.0343860428805853,5683.2071250560475
564,0.002767994499720714,0.5250735123518973,2.5765093129343226,3.787916324036649,2.019537254078567,5683.206262159418
565,0.0027733910168957,0.5394792248319734,2.6080956371638457,3.6375521353243547,2.072454637044664,5683.204519702605
566,0.002776275413442475,0.5431720072461849,2.5852077006135707,3.552079755268423,2.087275277597774,5683.208022073456
567,0.002765599588076558,0.5327642748468115,2.612549768741984,3.7365213431519555,2.0477995448412867,5683.203757701377
568,0.0027759339870638256,0.5319495658368762,2.6463722314327547,3.8065607005818713,2.0412139591680023,5683.212190182658
569,0.0027664579934279436,0.5366928471416764,2.5932037285356326,3.650155771543974,2.0637099710062077,5683.203309595168
570,0.0027727630900831663,0.5282038320507049,2.5473540314794865,3.695041149970919,2.0321870368492316,5683.204666307331
571,0.002773138778393977,0.5450669362551046,2.6100471583956724,3.5653597490123192,2.0938880257141204,5683.208084508045
572,0.0027692796740561216,0.5300020416571688,2.584853155312211,3.7310074985527386,2.0378737024488442,5683.203306450594
573,0.0027669778586904446,0.5425737761541216,2.655396575357907,3.6691645741534757,2.0831813598732847,5683.207572643626
574,0.0027713156492373712,0.5317602385512077,2.5739453888680632,3.68855494736527,2.0448173797879234,5683.202848732608
575,0.0027655231580037795,0.5281801512708721,2.5799156789292694,3.7479695753390994,2.031765221719256,5683.20489039767
576,0.002771421956165361,0.5366319952509672,2.601021921449752,3.6648477231528234,2.0622065193441355,5683.203035176521
577,0.002763011694887276,0.5293399220110786,2.580750519548846,3.7321140626084492,2.0366271553830155,5683.2055189640705
578,0.0027717195985279544,0.5356880223280035,2.599268335693162,3.6751722578232218,2.0586108186551613,5683.202924977653
579,0.0027744840565322236,0.5355351592175832,2.568515646773468,3.627968413710241,2.0590519427209437,5683.2036785684195
580,0.0027722602672475023,0.5348410899893078,2.5794541037762047,3.6548073514146413,2.056233059872828,5683.202833084979
581,0.002775948619003032,0.5308806054284022,2.582180622857764,3.7157013702260424,2.0402131952720706,5683.204109378413
582,0.0027688276035478143,0.5352338480565731,2.590443548380118,3.6664329694211037,2.0578105285089716,5683.202681756184
583,0.0027729390553917765,0.5396989030237934,2.592762171703223,3.6098830339620642,2.0741406233115742,5683.20432906722
584,0.002770194066403593,0.5324097998623044,2.5868281447336634,3.7003505960094247,2.0468805448736203,5683.2026723287145
585,0.00277030449039544,0.5313495368437343,2.571011216121755,3.6892500682779166,2.043560238926783,5683.203013106676
586,0.0027705838145895396,0.5326652564262176,2.578481273041419,3.683134291344799,2.048205943120767,5683.202687942891
587,0.0027695529113044358,0.5310823973442678,2.564495926780264,3.6820719473218304,2.042984620370302,5683.203430092491
588,0.0027711777678628173,0.5345328851096875,2.590531279616576,3.676895967151479,2.054693099615781,5683.202626802873
589,0.00276990147733088,0.5361192601388972,2.596388079194563,3.66406986844583,2.060733324383378,5683.202743140864
590,0.002768015030439941,0.5335402189903676,2.5976333448974978,3.701648840298594,2.051085513341721,5683.202757777192
591,0.002769075729798368,0.5338651398091402,2.593076558313008,3.689882484658546,2.052371190621999,5683.202603215515
592,0.002770041829201883,0.5313718945104787,2.5793741433375446,3.702673991254211,2.043280341725544,5683.202856350506
593,0.002769936564631931,0.534928457169781,2.5921241028099247,3.673683001100638,2.0563561522303893,5683.2025958566355
594,0.002769100821696396,0.5357252937348351,2.602775382332661,3.6797246133439887,2.0590458340840048,5683.202773008946
595,0.002770212991924987,0.5334286232045866,2.5845334585571718,3.6822815757605056,2.0509105540750636,5683.202585130008
596,0.0027714116843713652,0.5324343300863265,2.588390219007158,3.702869618610342,2.046683956128112,5683.202757103407
597,0.002769473397783487,0.5345325916017013,2.5899300633803937,3.675508379945965,2.0550232274335065,5683.202584545807
598,0.00276975634650061,0.536111149437381,2.5932506107573703,3.6590564808757438,2.060883141553088,5683.202741330251
599,0.0027700846299430902,0.5333327346141828,2.588432268517468,3.6899835817293813,2.050372249307257,5683.202582700234
600,0.0027683362221500303,0.533501906881867,2.58870410019724,3.687634603652705,2.0513190041907876,5683.202683915563
601,0.002770467108111693,0.5342749539212805,2.590074363890339,3.6795776909991953,2.0538490558170253,5683.202573092987
602,0.0027709944399964942,0.5343331791102692,2.5849650210250297,3.670547645101385,2.0542311065377974,5683.202608236927
603,0.0027695552827588952,0.533982111185663,2.591046290817084,3.685039247462868,2.052836011668093,5683.202571808904
604,0.0027699807465196478,0.5328934790216586,2.5854847002511683,3.6912877175912886,2.0488456660661436,5683.202614036254
605,0.002769947610037793,0.5344189852545509,2.590462655471274,3.6780762931488944,2.0544759535632955,5683.202568647612
606,0.002769598206087197,0.5347884476237549,2.5954560223217,3.6809852461572032,2.0557135440421574,5683.202607944063
607,0.0027700592826728444,0.5337682548088052,2.5872597826236197,3.6819574505665202,2.052110248501844,5683.202565768361
608,0.0027705722457873755,0.533378570440723,2.5889794116543627,3.690355406515726,2.050435743800304,5683.202593530617
609,0.00276974806891971,0.5342438524427897,2.5896923677284467,3.679214527256792,2.053875395201545,5683.202566823349
610,0.0027698262827295064,0.5349436419325888,2.590981887421704,3.671583827147961,2.0564906271309815,5683.202597786147
611,0.0027700200408807296,0.5337350060890451,2.589069437936135,3.685375016543793,2.0519001351015596,5683.2025658203565
612,0.0027692651235293308,0.5337843097970861,2.588937313608916,3.6842864513409865,2.052229877396742,5683.202587486612
613,0.0027701665630641722,0.5341522506260565,2.589790054510956,3.6807543165866003,2.0534441414849955,5683.202563718549
614,0.002770421404158503,0.5341451054258484,2.5874642075790217,3.6771143308564764,2.053485900916651,5683.202568672313
615,0.0027702048484186323,0.5341043522020671,2.5883592638542843,3.679093960788802,2.0533234093186765,5683.202563294151
616,0.0027701319052822527,0.5335827471465807,2.5872063904037597,3.684483161251479,2.0513862440849486,5683.202569151619
617,0.002769993682699402,0.5342098029423736,2.58964820518598,3.6796769649704,2.0537030901934723,5683.202563445393
618,0.002770429737644802,0.5337440555728883,2.5879582853091763,3.68352847287278,2.0519172142763193,5683.202567760849
619,0.0027699184703750854,0.5341188593665999,2.5892587382225325,3.680292539780559,2.053385674846733,5683.202562899625
620,0.002770117094789418,0.5344065677057046,2.5886566519259318,3.675341654950826,2.0544871545518535,5683.202570740246
621,0.002770044304039111,0.5339028173344976,2.588966235263119,3.6828641112305913,2.052546584405051,5683.2025623264035
622,0.002770071860674937,0.5344271611709773,2.5911505763674683,3.6791154020732155,2.054451505267734,5683.202570916512
623,0.002770062427168013,0.5339329051996313,2.588231933001097,3.6812467326878675,2.052695312440039,5683.202562355601
624,0.002769922932160072,0.5339552366947875,2.587995895972309,3.6805149355270563,2.0528174412504168,5683.202564521409
625,0.0027701056533292745,0.534102990329374,2.5893413983017015,3.680694469862125,2.05328744849201,5683.202562262124
626,0.0027701405974692467,0.5338550091574537,2.5880149992624872,3.681999712545913,2.0523924300931524,5683.202562887224
627,0.002769903738644258,0.5338606863619894,2.5891660075752747,3.6837463046611285,2.0523995964934416,5683.202563783525
628,0.0027701295679064633,0.534043425317672,2.5885609262156515,3.680256495627182,2.053092417136491,5683.202562106049
629,0.0027702745605275004,0.5338160267161692,2.58798752501289,3.682532174330664,2.0522201126455033,5683.202564029813
630,0.002770007488621862,0.5340431351018956,2.5889408763930195,3.6808523206892,2.053094222250182,5683.202561957765
631,0.0027699991800796396,0.5341551317733219,2.5896017359104055,3.6803659015020718,2.0534940743383934,5683.202562712071
632,0.0027700345337502053,0.5340800853052835,2.5892049605676526,3.6807742862845463,2.053218607853257,5683.202561970662
633,0.0027700661911351275,0.5341360863939315,2.5897740278286774,3.6809297219256885,2.053400426840488,5683.202562816841
634,0.0027700633681593135,0.5339836932512572,2.5886173706008173,3.681167477437876,2.0528715683373764,5683.202561857543
635,0.002770091940149708,0.534198552258987,2.5888999409989495,3.6786350999921025,2.053679267640439,5683.202563641789
636,0.0027700562129899606,0.5339767357133006,2.588949661537928,3.681806402851827,2.052829696633081,5683.202561791524
637,0.002770010815457515,0.5339478479163473,2.5883681895204598,3.6812482735036793,2.0527551803275035,5683.202562468897
638,0.002770081943556933,0.5340642005005897,2.589098061806777,3.680832912961363,2.053154368513448,5683.202561879814
639,0.0027699678530485523,0.5340157116833885,2.5893634931328733,3.6819170114441615,2.0529749582572565,5683.20256209722
640,0.0027700082808779546,0.534022639957128,2.589162828078694,3.6815018122639724,2.053004322347059,5683.202561852469
641,0.0027700523836308925,0.5339560815805079,2.5887025694302777,3.6816901025653754,2.0527630810681776,5683.202561872235
642,0.002770097387580257,0.5339582059166015,2.58887130293074,3.681947209433589,2.0527549970676517,5683.202561848624
643,0.002770029109697474,0.5338947544276658,2.588623438800439,3.682412438422999,2.052535140357016,5683.202562348123
644,0.0027700687349975963,0.5340218339413063,2.58897939789751,3.681227730798106,2.0529995439626734,5683.202561738262
645,0.002770065209925095,0.534029163206697,2.5891296604537377,3.6813701317486527,2.0530209737669805,5683.202561780768
646,0.002770054962093105,0.5340197373104963,2.5894198272166205,3.6819738620045985,2.052972240660215,5683.202562023449
647,0.00277006126664037,0.5339927040379837,2.5888179614380182,3.6813690570212994,2.0528967359552603,5683.202561752523
648,0.0027701312452648253,0.5339688171856759,2.588736378800149,3.6815863796520545,2.0527964569469965,5683.202561878341
649,0.0027700390214629458,0.5340091837556733,2.589056209173563,3.6815229539288783,2.0529523540238417,5683.2025617635645
650,0.002770018791344562,0.5340536459241612,2.5891018541405533,3.6809713552213124,2.053124738950333,5683.202561891497
651,0.002770077738312267,0.5339820643193766,2.5889289388084493,3.6817032216294585,2.05284742629543,5683.202561760252
652,0.002770068575499136,0.5340372451276336,2.5890152015789405,3.6810708648144232,2.053057121256471,5683.202561758955
653,0.00277006092477946,0.5339880493260531,2.5887894316701243,3.681387386305033,2.052880298581619,5683.202561756501
654,0.002770095874906615,0.5339995741324266,2.588756169050351,3.681180346351502,2.0529200934842016,5683.20256175511
655,0.0027700644123733963,0.5340336988996998,2.588814322850146,3.680790985174003,2.0530540940083553,5683.202561809243
656,0.002770074406821538,0.5339949724963975,2.5889002843431523,3.681475141322219,2.0528990912732135,5683.202561730478
657,0.002770075907704453,0.5339616108633032,2.5886821043642905,3.681585014666849,2.052781192453152,5683.202561828006
658,0.0027700704085486458,0.5340183355572294,2.588931923257266,3.6811993955455757,2.052988135578692,5683.202561729424
