lon,lat,no,val,err
102.26,28.735,51000700,8.715629,11.33551058
102.26,28.735,51000700,8.715629,11.33551058
102.18,28.446,51001100,-16.480476,12.99560695
102.178,28.257,51001300,15.855504,13.53159636
102.186,28.144,51001500,-27.360349,13.97333532
102.324,27.32,51002300,-35.076215,16.59646047
102.284,27.194,51002400,-42.304752,16.93235069
102.252,27.105,51002500,-47.879662,17.14022754
102.245,26.651,51002900,-49.224647,17.23936484
102.602,26.658,51003300,-37.529447,17.87031057
102.626,26.704,51003400,-30.466192,18.06509341
102.727,26.793,51003600,-35.216666,18.17630601
102.517,27.442,51004400,-12.520958,17.49208964
102.456,27.533,51004500,-25.825237,17.11264153
102.428,27.625,51004600,-19.745185,16.6356635
101.834,30.042,51006501,7.910135,9.457214178
101.77,30.069,51006601,-7.275239,9.985349268
101.61,30.076,51006702,-4.430461,10.33698699
101.54,30.034,51006800,-31.792764,10.52544536
102.361,29.239,51011101,11.426751,9.21566601
101.505,29.137,51015400,-21.721025,12.5061145
101.53,30.289,51015703,-16.247584,11.44942357
101.179,30.941,51016300,18.540883,13.88706592
100.729,31.337,51016600,45.892097,14.81114445
103.881,30.813,51030000,-16.239919,12.38391295
103.591,30.977,51030100,-1.955594,13.22967876
103.48,31.098,51030200,26.43505,13.3979476
103.475,31.326,51030300,-17.809051,13.40839289
103.567,31.46,51030400,13.6222,13.27548116
103.789,31.629,51030500,2.947118,13.77043935
104.099,31.779,51030600,-1.414601,14.22134312
104.294,31.863,51030700,3.622447,14.41000347
104.503,31.86,51030800,-34.938857,14.47912981
104.685,31.679,51030900,-44.732158,14.41789166
104.726,31.44,51031000,-36.243418,14.24557826
104.443,31.283,51031100,-28.13003,13.93457929
104.198,30.883,51031300,-3.499178,12.89955426
103.886,30.444,51031400,32.117487,11.22683393
103.478,30.415,51031500,-1.940892,10.39937017
103.215,30.146,51031600,18.772411,9.378000853
103.011,29.981,51031700,-5.133998,8.068172036
102.908,30.091,51031800,-4.403242,9.244679551
102.918,30.157,51031900,-9.345325,10.11337728
102.783,30.335,51032000,13.064,10.76828677
102.883,30.472,51032100,10.048387,11.23455384
102.758,30.663,51032200,-22.267986,11.53440506
102.637,30.966,51032300,9.186045,11.687027
102.406,31.019,51032400,15.40835,11.69241207
102.479,31.287,51032500,21.546845,12.22005319
102.489,31.485,51032600,34.953779,12.57823517
102.324,31.661,51032700,27.351165,12.78915556
102.288,31.865,51032800,25.744935,12.861248
102.629,31.865,51032900,42.640307,13.16426223
102.78,31.663,51033000,66.347182,13.3729877
102.907,31.532,51033100,-0.318368,13.47894655
103.091,31.4,51033200,62.175435,13.51285314
103.337,31.571,51033300,42.580066,13.43547915
102.13,31.018,51033400,12.167672,12.0390905
101.879,30.883,51033500,16.149805,12.22473313
101.745,30.722,51033600,6.552207,12.26318474
100.929,31.144,51033700,39.030174,14.28387902
100.693,31.522,51033800,34.258948,14.99724308
100.729,31.874,51033900,38.366793,14.94780586
100.929,31.939,51034000,20.782713,14.81796207
101.11,31.896,51034100,44.176561,14.60768291
101.312,31.778,51034200,69.975003,14.30851495
101.553,31.795,51034300,28.619642,13.92885135
101.907,31.818,51034400,-6.592133,13.44643447
102.772,30.052,51034500,33.65054,7.14467634
102.453,30.005,51034600,25.544911,5.679876759
102.158,30.053,51034700,49.770434,6.228523099
101.956,30.027,51034800,14.047948,8.701293007
101.484,30.116,51034900,-48.661884,11.0497285
101.534,30.441,51035000,-4.222718,11.8443953
102.198,29.655,51035100,15.05018,5.710131347
102.277,29.321,51035200,2.92512,8.113223774
102.338,29.137,51035300,23.394617,10.09966336
102.126,28.514,51035400,-16.441589,12.02629203
101.923,28.325,51035500,20.005474,12.34241873
101.943,28.6,51035600,-18.344737,12.56137731
101.678,28.615,51035700,23.91975,12.67773245
101.675,28.761,51035800,4.925958,12.7137288
101.493,29.342,51035900,26.647713,12.19257561
101.368,29.623,51036000,26.4141,11.69872215
101.558,29.846,51036100,-12.431336,11.18279035
103.17,29.911,51036200,3.85269,8.983924532
103.43,29.888,51036300,-3.368645,9.630893001
103.577,29.778,51036400,-11.442951,10.06413434
103.454,29.572,51036500,23.326327,10.3003398
103.317,29.407,51036600,44.67257,10.36480584
103.177,29.223,51036700,31.536492,10.25979045
102.916,29.278,51036800,58.02101,10.14948767
103.079,29.018,51037000,53.829841,11.22857961
103.043,28.847,51037100,46.642117,12.05006639
103.127,28.602,51037200,75.379438,12.73587453
103.129,28.33,51037300,26.14287,13.4499145
103.001,28.178,51037400,10.83616,13.9082853
102.837,28.015,51037500,52.455124,14.27784998
102.601,27.893,51037600,20.452132,14.57540394
102.179,28.001,51037700,-52.599786,14.29196278
102.201,27.57,51037800,-42.748446,15.53847161
102.188,27.427,51037900,-39.611648,16.13560659
101.591,26.596,51038200,-9.783271,17.94462872
101.569,26.718,51038300,-14.682727,17.92525035
101.443,26.958,51038400,-30.034422,17.77856012
101.3,27.11,51038500,-20.503989,17.57895332
101.321,27.308,51038600,10.52186,17.27092933
101.514,27.42,51038700,-38.161164,16.86027876
101.808,27.615,51038800,-3.470139,16.20173448
101.961,27.719,51038900,-10.229532,15.55774405
102.596,27.262,51039000,-30.495375,17.79418444
101.404,30.623,51039500,-36.546186,12.60746604
101.551,30.356,51039800,-11.978987,11.71054226
102.174,29.467,51052100,-30.776462,7.054367442
102.226,29.796,51052402,25.006708,2.969848481
102.173,30.117,51052602,5.986554,7.680527326
104.065,30.639,51060002,5.152593,12.13729789
103.757,30.91,51060301,57.695677,12.9036429
102.217,28.57,51065100,1.247226,11.59912066
102.203,28.549,51065300,-33.26135,12.35699397
102.316,27.781,51067701,-12.783532,15.36794066
102.341,27.741,51067900,-31.509598,16.05585563
100.75,31.297,51068400,39.664303,14.58355581
101.5,30.537,51083800,-2.32E-02,12.10041735
102.296,29.268,51085300,-6.715976,8.746622205
102.228,27.911,51087200,1.747379,14.55170093
102.278,28.808,51087400,-12.576492,10.91654249
102.101,27.882,51087900,-28.080924,16.22549229
102.168,27.909,51088100,-21.036428,15.41247547
102.22,27.902,51088200,23.545382,14.78169814
102.252,27.865,51088300,-23.36259,14.95340095
102.324,27.88,51088500,19.588667,15.0827219
102.361,27.889,51088600,8.543645,15.06263257
102.38,27.878,51088700,13.712127,14.97049431
102.421,27.864,51088800,27.35309,14.80629934
102.714,27.022,51088900,-16.955718,19.38100359
102.716,27.034,51089000,-47.937038,18.79985638
102.738,27.064,51089100,-26.481531,18.19800539
